20
28 0.533 0.166 0.964 0.588 0.681 0.652 0.211
99 0.731 0.067 0.977 0.213 0.573 0.793 0.888
25 0.984 0.222 0.993 0.336 0.207 0.084 0.478
11 0.698 0.348 0.651 0.528 0.828 0.526 0.129
58 0.239 0.204 0.010 0.535 0.911 0.130 0.369
14 0.572 0.439 0.467 0.725 0.471 0.556 0.085
8 0.838 0.389 0.829 0.592 0.594 0.669 0.480
1 1.000 0.000 1.000 1.000 1.000 1.000 1.000
34 0.464 0.371 0.105 0.424 0.121 0.433 0.857
87 0.447 0.384 0.187 0.898 0.240 0.964 0.301
92 0.851 0.655 0.970 0.768 0.448 0.576 0.394
1 0.800 0.100 0.500 0.500 0.500 0.500 0.500
26 0.928 0.246 0.915 0.726 0.009 0.732 0.041
45 0.889 0.664 0.232 0.454 0.785 0.637 0.611
40 0.763 0.659 0.378 0.149 0.117 0.487 0.657
6 0.807 0.331 0.737 0.825 0.406 0.018 0.704
53 0.623 0.075 0.451 0.830 0.258 0.036 0.105
95 0.394 0.045 0.961 0.263 0.896 0.214 0.382
2 0.600 0.200 0.500 0.100 1.000 0.100 1.000
59 0.916 0.520 0.917 0.588 0.808 0.719 0.404
